$ANSIBLE_VAULT;1.1;AES256
32383165623235383464643731333634326535623961613332316239616234323533643766336633
3932633164323435336335336238363133396231636138390a613738313938613734346436363939
39353937356432366334396138346139623236633135663462653161333532376165303662646166
3931643530653335660a643962663261663032613739626266336364633137633731333733323536
63393131333838386165366234373535633161633561656661393930333437346531656364363036
39653835393038616335376237303661393333393032383530643166643632343165313565653131
35663031393061343432666330376331383765386266616166303464313838373738626338316636
38633932306366333263663136613236613864323261343132363431363566386335653666656339
32623336383762616262353035663937333463623036663432383663333564633464376534633034
62383132626461333861303162613434393165336437313938653736656636313939613934633963
37636635613735313136353364376233636433343965363733633236653764623930303162613161
36343336653264636461373439383062663138306534346339363131303861663761353235646130
39313333323530306637363562356637363762613230333531366538613766633434373838353361
31666666343961373437613630323463383838303266386662623235323965356631376137663837
66366461313966323833656166393831306635633634393137653535323762316239613337313234
37393632343934333736346165336632633432663535336439313133666638313265636666343431
30666263666132613437626361376136326430366436316630313161303339623334623833383463
37653938313062376539353432663661353833366564373165346230323534346130356230343331
33353037343337316363323131383666666339613830303165616466646234653365326265386338
32663465323765343364366335363364666431303763306633336366306434366436663166303737
64373463386532386538393838356335633232326231626366343238376337336535353630336432
64376564663737643961353733616164316338396464363666373236353264326561393631386461
33383363643262306331316339343963323439323865656564623136663439373733393566326561
39666634363734626633396366333731303436633835646539633232356236366538653633333339
30623835343435393633626165336131633265663265396162356464313133356662373866326231
37323931336130343864383430343765393037616662613236393164633531343236366263323137
38623865613730666137626666623536376637646662363732613264393634646163646464313130
31336233613631643662353939636635303861303761326532383566386265336630363765353534
34666564343530363631346632633864623266363533386336653361323964313730643530363034
32376132373933303334326434303435663561306166333130306639373464383163666435343936
36656563653866616631636534656162653337393233343264366162633837626333333831386631
32356165396138663633613930353130303932303332376136623731333535316332333333663230
37306364646237396431306661396632323832343863666366656666343032623038626132663236
66316563663266333832636436366161353363383234383931316138666264373235343333636266
30343036333835643337663764643838356438316366393233346565666363376436666362313465
64623462646366346264666330666465353963363231316134653166613736303636326332626338
38636634333365613663336237356161376234666334666431333439353061636432303036336362
36643231316431333761373062323934613764646564656535376334356435383666346330626461
36663065326363633834626130633730353566623862336165656562353865333230643834363334
66373434626338303834363431326364316165613164313838343866656365636230613232366332
61366637376264646637346235616538626234303366626436303630623234396133303331393735
32376661653163383031333765316639396463306636333766663362393232353062626137323561
63653565366334633431646338643230333939663463393065383763373365393164393331373238
61613339623863656364396162616562643133386538373764373262666265653061626366376135
30643566353333663432396136636338656631636663616561316336363530363065
